01101111101011111000000000011110011111100010110011
0000010101110000000011000111100011111111110111101101
111111111000001111111111111111110000000100000010000
010010100000000111111111110001111100000011100010011
11101010000000000000000000000000111000001111001111
1000000000011100000111111100011111100000000000010
01111000010101111111111111011111111111100111111000
00100011111111111110000000011110011111000011100011
010000001111110000000000000000000011111111111001
10101000111100000001110000000000000000001111000000
1100001010001111111110001100000111111111111111101101
10000111111111100011000000000011111110000010111010
11011101000000001110000011110000111111010101000000001
0010011111101011110000101101111111001100011111101
10101010100001111111111111100000111111100111111000000
1010011110000000000011111110111100001111111110001
0110111000111111000000000011111110000011110011
10101101000111000000000111111111110011111000000111
10100000111111111111111111111100001111111110000010101
01111111111000000000011111111111111111100000010001
10011011111010000000000000011100011100001110100000
111010111111111111111111000000000000011100000111010
0010100001111100001110011111111100000010000010110
1101000000000000111111111100000001011010111000000111
0111110000011111110000111111000001111001111000010010
00001000000001111000111000001111111111100011110110
100111111100000000000111111100000011100000100101
1100100000000000011111111000000011100000111000001001
1010110000111000000000000111111111111111111100001001
1111111001111100000000111110000000001100010101011
0010011111011100000000011111110001110011111111010011
10100000111100111100000001110100000000011111011
1010010000000000111110000000001111000011111000011010
110011111011111111111111111110000000001110101001
1010010111100110000111000000000000000000010000000101
1110100001111111111110000000011111000000000000111001
00001011100000000111000111001110011100000111100100
1111111111111111111000001111111111111011110001
00011000111111000000000000000001111000001100011011
010111110000011111111111111001111111100001110011
01001000000000000000111100000011100000011101000000
01000111000000001111111111100001111000000000110
11011000000011001111111111111000011111111110101110
110011110011111110100000000000001111111000011101
111111111000000001111001111100000000000101000011000
011010001111100000000000111110001111111111000000001
0111111101010100000111000000111111111001111111000
01111010000011111111111111111110000000001100001000
0000000111111100000000111111111111101111
0000110000001000000000000000111100001111110000000011
011100001111111111100000111111111111111001100010111
011011110000000011110000011100011110000000000100
011001011111111111110011111111111100000000000001101
010000101010001111000000000000111000110000000110110
0100000000011100000000111111100001111110000101100
11000100000000000011000111110001111000101111100001
1010111110000000001111111111111000001111100001010
10101011111000000000111111001100011110000100001
1010010111000000111110000011100000000001110101
110110111000011111100000000111111111111110011101000
10110111111111000000111111111110011111100011111111
1010110101000000001110000000000000000000001010011
1010011110001111111100000000001111111100000000101
011010100000001100011001111110011100000000000010010
0111100001111111110000011111110011111100111111001010
001001110011000001100000001100011111111000001101
000100001100111110000111000000011111110101000011011
111110000000000110100000111001111000001000000001100
101110000000111000011000011110001111111101111001001
00100000111000000111111110000111000000000010110000
101100001111111111100111100001111111111110001100
001011111000000000011100001111101001010000001111
1111101111000000000001111100001111111111111111001
0010110000001110000001111111000011111111000001010110
110100000000011111100000000111111000100000001001
10011000001111111000000111111100001100000011110010
001111110000111000000111111111111000000011110111110
11110000111010111111111011111001111100000000011001
1110111111110011110000001110000000111111110100
0101011111110001110001111000000000001110100000100100
0010111110100011111111111111111100011111111101110
0011011111111111110000001111000111100000101011010
000101110001111100001111111111111111000011111011
000111111000000111100111111111111110000000010110010
011000011001111100000111111100110000111000100100
001010111001111111000000001111000000110011110001
001001011111111111111111111111111100111101011100
001000001010000011110000000111110000001111101011
0111001111001111110011000000001111100111111100000
00011011111111001111000000111000111111100110
000100000101011000110001111011111111101011
10001000011110000000000000110000000000001110100
101000000000011111111111111111111001111110001110
000001010001100000000000000000000011111100000000001
010101110001111111100000000000111111111111000000111000
1001111100111111111011000000010111110000011100011000
1011001110000000000111111111100001110011111000100010
1010000011111000011111111111100000000011110000
0011010000111111110001111111110000000000111100111
110110111100000000000000000001000000000011000110111
100111111011111100000111100000111111111111110000
0000000000010000000011100000111000000000000100011
011010000111111111000010010000111111111110000111
0011110101111100000011111111100111110001011111101011
0111010000001111111111111100000011100111000010001
0101001010000000111111111110000000000000000000011000
1001011111111110011111000111110111111000100100
00011011111111111111111110000000000000111100111
01111111001110000000111111111000110101111111010
11001100000000000001111111111111100000000010110001
10010000111111100001100011111111111111111110101010
0100101000011100000000000000000011111000011111111010
001101010000000011110000000000001111000000000111
00100011100011000010011111111001111111100100
111001011100000000000000000000000000111111111110101
00011010000111100011111111100000000000110001000001
0001110101000000001111100000000000000001111111011000
001010000000000000000001100011000000111111000000111110
10000100011100000001111111111101001010001110101
11100101000000000011110001110000000000100001110
11110111001111111100000011111000000011111111111011101
11010111101011111111111100001111100001110000101011
0101101111100000111001111111111111100000000101000
1001111111110000000000000000000000011111000101111
11111111000000011110000000001111111111111111001101
011101111111111111110000001111111111111111011110100001
10011000011100111100001111100001111000001111101100
0011100000000111100001111000000011111111000110111
101001111111110000000000111110001111100000000010111
1110111110001110000111000111100000000001000000011111
11101111111100000011100000111100000111111111101000010
010100100011100111100011111100110000000111111101110
011101111110000000000000000111111000001100111010001
000111000000111111110000000001111100000011111110110
101100000000111100011000000001111000011111111100100
100101111001100111111111111111110000000111111111010
01001011100011000000001100000111111100001111000111
1001011111111111110000000000111111111001100011010
01001011111110011000001111111110000000000111000101100
000100111111111111000000000111100000000111111011100
00011111000111110001111111000000000111100111100001
1010000000001010010001111000000000000000000000010100
00100000001110011111000000111111111111111111101001
11011000111100001111110011111100011111111111000011100
1001111100111111111000000000000000000111111100010010
111100001110100011110000111110000000110011000111001
000011100000000000000000000110001111111111100101
00010001111111111111111111111111110000111100000000101001
0011111111100111100011111001100000110000000000111
01001000000000001111000000000011100000001110000
01110000001000000000111111100000000011000111111010
10111101111000000000000111001111000011111101000100
011010000011111100011001110000000001110001010100
110101011110101111111110000000001111111111111111010
01110000011001110000000000111001111111000010
1111111111111100000000000000000000011111000011111
1101010001111100000000000000000000000001100011100100
000010100001011111111111101111111111100011110111
00100100001111111111110000001111111110000000001000111
00010101111000000000000000000011111101011101
1000011111111100000001111111111000011100011100000
0110011110111111110000111111000000000111000010011
0100000010100000000000111111110000000000111100010
0110000110000000111100000111111000000111101001
100100000000000111100000011111111111000000111001100
0110000001111110000000111111111111110011111010101100
001011111111100000011100000000000000101000001110
1000001011100000000111111111100001111000011111101010
11010011110000111111111000000110000000110000100100
001011111111000001111111111111111111000100000010
11011010101111100000001111110000000000111100000110110
01111111110011111111100011110001111111101000001111
111101111111111100001110000000000001110000001111101100
1110000001111111100000000001000000000011000100111
10111110000011000011111110001111000011111110001
11011000000000001111110000000111111111100010110100
01010000011111000011111111100000111111001110111
101111111110000000000111100000011111000011111011
1110110000001100000011000001100001111000000000111
0101101011111111111110011111111111110000000110010
011011111111111110001111000000011111000000111111001
01000101000000000110000011111110000011110111101010
1010000001000000000000000000000000111000111110101000
010101111101111111110011111100000000111101111101011
11110010000111100011111100000001111000000000010101
0110101000011111100011111000010000001110000010001
101110111000011000000011110000000001110111101111
01010100011111111111100011111101111111000111100010
11111000010000000100000000000000000011100000110
00010101111100111111100000000011111111000010101110
1100000001111111101011100000111111111100000001010110
00110111111110000000000111111110000111001111010000
100001110001111100111000001110011110001111010000
111100100001111111111111000000001111110001111000110
00000101010111111110000000100000111100000111011000
000100000111111111001111111110011111111110100110
0011001010111000001111111111111110000000001111000
011001011111100111100000000000000111110000000000010
001110000111111111000010011111000111010001111000
1111000011111111100111111000000000001100010110001
10100111100000011111111110001100000001110000110
1001010001110000111100000111100000111001110000011100
1101010111110111110000011000011111000001111010111111
0001010001111110111000001100000000001110100000
11000111111111111100110000001111111110011110011
1101111111111111111000000110000000000011000100100
1010000000000011110000000000000000000111111111000101
1101001111111111000000001111111111111100000001110
001010000011111000000001111100011100001100000000
1001101000111111100001111111111110000011111011
111001111111111111111110000000000111101010111101101
0000110000000000011110000011111111000000000001001101
0110000000000000001111111111100000000011111000101001
11111010000000111111100111111000111111111101011011
101100101110000111111111110011110000110000111011100
100110000000000111111101000000011110000111110000001110
01011000000000000011000000000000000000000000111
01101010111111111100000000000000000000001110100
10011111100000011110000111111000111111110101010011
000110111100000000110000111110000000000111000100101
0010011110001111100000001111100000000011001110111000
00110111100001111111111111111111111111010000111110
10010100001010110001111100001100111111110011110111
10000100011000011111001111111111100111111100101
1011100000111111111110000000001110000000000010101
10011111111111111111111111000111111000000000010
11110101010111000011110111111111000011000101000111
11000100001111111111111111111111100000000001010010
1100001111111110001111000000111000111111111111100100
01000000011000111110100000111111111111011111110
010011111100000111100011110001111000111101111100100
10100000110000011100110011110000000000111100010100
1110000000111111111000011111100001111111111110100100
101000111001111111111111111111111111111001110111101
0011100001111000001110001111000111111100000000100111
1111000000000111111001111100000111111110000000010
01100000001111111111111111000000000001111100001111
11110000111110000000000000111111111111100000111011
011001111111100001110001111110001000001011
100010000111110000000111111000001111111111110101010
10000111111000111100000000111111100001111110000010011
100111011110000011110001111111000000011111000001110
111111011111111111011111000110000100111111100001011
111010100011001111111111110000000111110111111010
10100000011111111111111111111111100001111111011001
001101000111111000000001111100001111000111000111000
00010111100000000001111111111000110011110000101
0001111111100011111101011011111100000000010100011
111101111111100000001111111100110000000000001100
00110000000000000000111110001100001111100010100
11010000000011100011111100001111110101000000
101111111100111100011000000001111000000000001001
1100100011111001111111110000011000001111100111000011
1111011111101010011100000000000000000000000010101010
10101100000110000001111111111111111111111000111011001
111101011110000001111111111000000000011110001111
101000000111111110000000011111111000000011110110101
1010000011100011000111110000001111110000011111101000
101100000111000000001100111111111111111110000110
0101000000011111111110000000001111111110011110011
0111111110001111100000001110011111111111111110110000
10011111111111111011111111000000000000000000101100
101101010111000000000001111100011111111111101010
000001110001000001111110011111110000001010000111011
11111011111111111111100111001110000000001100010000
0010000000111111000111111101111111111100111101010
01011101000001111000011111110001111110000111001000
10111000111110011111001111111111111111000101010010
110011110001110011111000000000000011111111100011101
01010101111000111100011111000110000111111111110101
0101100001011111100001110000111100000010111111001101
10000000110000000011111000000000011111111000110110
1110100000000000011111111111000000111011111110110
00110101111110000111100000000000000000001111001001
00110111111111111100000000000111111110001111100011111
01000100011100001100111100001111110000000011010
010100001111111111111100000001110000000011101000111
00100100000000000000111111111000000000000101010100
0000011111111111000000011000000000000001111110110
00111000000000000001110001111100000001110011100001
01001000000011111111111100000011000000110011101110
10011011110001111111001100001111111111100000111000110
1011101000000000000111111111100011111111000011011
11110111000000000111110000111111111111111111010111011
11000000111000111111110000000000011000001110111111010
00111011111000000011110001111000111100111100000000111
01110111111000000000011110011111001111111011000
10100001100011000111111111110000000001111011100
0110011110011111111100001110000000011101011111
110111111111001111110001111110000000000001110101
010011111110011000000000000000001111111110000110001
0110111111111111000011111110011100011111110000100
01101111110011111111100000001111111111111111011
1000000000100011111000001111000011000000001111110111
10001111100111111100111111111111111100000000111101
110000111111111111111111110000000000000111101001001
00111101111001111110001111110100000000011111001100
1110110001111110000001111111100011111110111110111101
11111101010111111110001111110000111111110011110100001
11000101111010110000110000000000000000001111001111
0010000001000111111111110000000111000011000000001010
0110000000000011110000111111000000001111111110101
11011000010111111000010000011110000000111010111110
101010111111111111111111111111111111000001111000
1010101111001111111100001111111111100000000110110
00110111111100000111111111111111100000101111011100
001101111111110011110000000001111011111111111011000
100010111111000011110000000111111100000000111100110
1101111111111111111000111110100001111000000000101000
001101111100000011111111111111111111000000001001
11010111101111111110000000000000000000000000000000
1111110001111000011000111000111001110000000111011100
0001011111000111111111111111111111111100001011110
0010111110100000111111100001111111100000010110111
01000111111111100000000000011111111001110001001000
1110011100000000000011111000001111111111010110100
010100100000000000000000001111111111100000011111000
1000001110011000000011111111100011111111101010100111
0100111111100000000000000000011111111111100001
10001111110101000000111111111110000000000111110111
1011111100111100000000001100001111000000111111110001
000101111111110000111111111110111111111100000010111
0111001011100000001111111110011110000000011000101101
01001011110101101111111110111111110000000011100
011010111110111111111111111000000000000000010101011
11011101011111000000111110011111100000001111011111
1001100011111110000000001111111100011111111111101110
0011100000001100000000001100110001111100000001
011110000000111110000000111100011111000010000101110
11010000011111111111110000001110001111110000111111010
010011011110000000111111111111111100000111000001110
111000111100001111111111111000011111100111000010110
10110001110111110001110000001111100001000001001
01100011110000000001110000000010000001111111000110000
100100000011100001111111110111111111111000000000
01110000110000011111000000000000111111111100000111
01110101000000000000000011110000011100000111100000
111011010000000011100000000011111111001111111101010
1110100000000111111111100000000000000000010000101110
11101010101111111111111111100011100011111000001100
1100110100000011110000011111111000001110001111010
0101011111111111100000000011001111000111110101
110101111100011000000110000000000011111110011110001
011010000000011000000110000000000111000000011110111
010001111000111111111100000101111111111011100011101
11100111110011111100111111000110000111001111111
11010011111111111111110000000110000111010000101000
11001111100110000000111111000011111111010111101010
100101010111100000000111111001110000111111111001000
1001000011100111110000000111111100111111000101000100
1000101010001111000000000000111000011111101001011
111100001100000000111000000000111111111111111110010
1011010100000000000000001111111111111110000001001101
111101111111100001110001110011100001111111000010110
10101111100001111011111111111110000011110
10110000111001111111011100111111000000000001000011111
0000110111111100101001111100000000001111111110100
0111010000100000111111110000000000111100110000001011
001001000000000000000000111111111110011100000011110
010010000001111111100001100001110000111000101011111
110100001110101000011111110101111110011111111101110
10010010111111111110000011111111111111000111111100
001110000001100000001011111111111110001011111011
0101111111001100001111000000000000111111111001
10001111100000000011111000000110011111100001000100
1010111111111110001111111110000000000001111001
1000111100111001111111100011111100000000000010011
0000010000111110000000001100000011100010100000
011111111111111111111000001110000111111100000011
110101111000000000110000000000100000011100000001010
010000100011111100001100000111110000000000010100010
100100001111100000000000000000001111000000001110
111100111111110000000000000111110011111111110100010
001011000011111111111001111111111111000000000011110
100110111111111000000110000110000000011110001000001
100010000000001111111110000011111111111110001001101
00000111000111111110001111001111111111101111111111
100100101010001111111110000001111000000000000000110
1110100000100000000111000111111111000000011111111100
0110011100000000000001111111110001111111111010101110
1011000011110111000011110000110000000111001111010011
1011000111110011111111111111111111111111100111
01101011111111111111111111110000000010101111111001
1110011111010000000000000001100000011001111111010
01011000011111111101000111110111100001111000110110
0111001110000001111110000000010111100000111111000110
1010011111000000000011110000011111100000011111110011
10100111111111000000001100011111000111111111000010
11101011111111110000101111111100001110000101100
11110000001010011110000001111000011111111110100
010011011110001111000000111100000000000000000000101
00111111100000000001100011111110001100110000000111
101110000111000000001100000010000000011111100010000
01101000000000110101111100000011100000011111011111
110110111001100111000000001111111110000011100111
00111010000000000011000000111111100000110000011
1001100000111110000111000000000000000011100111100100
00011000010000000000000000000001100001111111110100
000001000010000011100000011111111111110011000101000
0011100000001000000000000011111111111111111101000100
10001111100111111111001111100000011000000111111111000
0011110001111100001000111111111100111110101
0110000000111111111111111110001111111100110011111000
0101111000111111111000011100011110000011101000
00100000111100000011111111000000011111011111000101
10011111100000111111100000111110000111100000000101001
001101000000011111000111111000000000111010000101000
11010111001111100000111111111101111111110000111000
010111000000000111110000000000111111000001111001111
00010101010000000011111111110001111000111000101010
0101111110000000000001111101111101010101011
11110101111100011111111111111000000011110001011111
00100000001111110000000000000011111111100011000
01101000000001111100001111111111000000000000101110
1000111100011111110000011111110000000011111101000001
10001010101111000000000011110000011111000111100001010
0001101110011100000000111111110111111001111011100
1100011111100011110011111111110011111111110000001111
110101111110000000110000000000000011000100001111
00101010000000011111111100000000000011100111110101
10000010000000111110001111111111111000000001000000
10001000011111110000000011111111110000000000100000
011100100000000111100011111110000111100010000100100
0011100001111001110000100000011111111111000010010
101000000011111111110000000110000001111100000110000
110101110011111110011000001110000000001111111011
00101000000000111111110000011110000011000000000
111101111111110011110000000000001110000000111000011
0100111111000011111111111111110000000000111100110
010101110000000000001111111111000011110000111101101
10010010100000111111000110000110000111101111001010
110010001100000001111100000011000111100000000110011
0010100000000000000111000001111111100000001100010011
0010000000000001111110000011000000111111111111111110
01000111111100000001111111100011111111111101010001
01010010000111111110000000011100000000111111000110
1110000000010001111111000001111110000111111110110
100110000111111100011111000000000110000010101101
100001011100000000111000000011100111000000011101101
1010101000110000000001111111111111000001111001100
11011101110011111110011111111111111111111111101101
0110010100001111111000011100000000000000000000001111
11100011111111111101111111100001111000000111101111
1111111110011111110001111111100011111110000110100
00100000000011000000111100000000111111111100110
011001110000111111111111111111100000001111111011010
1111101111111000011111111111111110000111111101001001
1111011110100011111110000000000011111111111111111111
0010101011110000000001111111110011100110000100010
00011111100111111111110000000011111111111111101101
1000111100000000000000111000000000000000011111111110
10111100011111111100000000000000000011111111110101001
0110010000000001111000000000011000011110000001111
10110011111001111111000111001100000011101000011101
10010011100110011111111111110000000011111100011010
1110001110000111111100011111111110000000011100010010
110000011101111100000000000000000001110000010101
01001111111110000001110001111111111000000000001
1011110101000111111111100111100011000000001111011110
111011111110100011111111111111110000110000101011100
0100011100000000000000000001110011111011110101011
0111101110000000000111111100001111111100011100011
11001011111111000000001111111111111111000001101
1111011110000011111000110000011111111110000010001
001010111100000111000000111000000000000011110111011
0000110001111100000000000001111000000000011101101
001101111111111111111111110000111111111111000001010
1001000000000001010000000111000000000000100100
0011111111111100011111111110000001111110000001
01010011100011111101111110000000000011111111111011
110011100011111100000000000111111001010101010011
1011011100000111100011111111100000000000111111100
111111011111110000110001111111111111000011111111000
100001110001000000011110000011111100000111111000011011
11001111110001111111000000011111110011100011101011
100100101111010110100000000000000000010100000101010
00100000001111111100011000001111000111111111101001
0001111001100000001111111111111000001110111110000
0011111111111000011100000000000000111111111110100
0010110111000011110000000000000000000001100001011011
1100011100011100111100001100000011000000001111000000
101111111000001111000000000011100000001111010111010
11111101111111000001110000000011111111110000010000
10101111111100000011111111100110011000011111101001100
1111001111111100000011100001111111111111111111011111
000000000000011111111111000001111111110000011101001
01011010111000000000000000000001111000000001000100
01001010111101111111110000000001110000001100
111110100000000000110000111110000111000111101000110
111011111100000000001111111100111110000111011101
0011111111111000000000000000000000000111110011
100101111101111110000110000111111100000000111101010
000111111000111111111100000000000011110001110001
10100000111110011111111111100000000000000000010101
10100111110000000001111110001111110000000000000
001011011111000111111000000000010000000010111110011
10011010111111111011110000000111100000011111111111
10101100000111100000000001111110001100000000
011101000011110000000000000000001111001111111000000
10100011100000000011110000001111110010101010101010
01110111100000111110000000111100000011111111000111
111110100000111111110001111110000000000011000001110
0101100000001111111000011111110000000111000111111101
011001110000000111110000000111000000111101111101110
01001111101000001111111111111100001100011111001
110001111000111111010000000000011111111000000000011
101011011110001111111111110000000000000000111100011
00100010111111000000000111111100011111110111
01111000011111111110001111111111000000000001000111
0001101111000000001111101111100000000001100000000110
10100101000011110000110001111111010111111000011110111
01111010111111111100000000011111111111111111100110
10100101010100000000001111101111111111100111110011
01010010101010001110011110000000011111111111111111100
11110000100011111111100000000100000000111110001
0000111101111111000011111100111111000011110011
000110101111100000111111111111100000000000011110001
100101011100000000011000000000001110011111101011000
00101111000000001111110000011001111111100001110
00111010111111111111111000000111000111100000011110000
0101111111000011111111000000000111110011111011111
011011000000000011111111000111100000000011101000111
00100000111100001111111000000000111100011110111110
10011000011111111111111111110000000110011000000110
00111011111100111111001111111100000111000001000100
1101111111111111110000000011111111100001110000110
001111111110001110000000000001111111111111110001
0000111100000000000011100000000000001010001111011
10100011110111111100000000011111011111111110110111
0100011110100000001111111110011100001111001111101011
111110000001111100111111100111000000011100011101
10010111100001100111110111111100001111100000111001111
00101101111110000000000000000000000000000000110110
100110111111001100011111110000000000111000111110001
1110111100000111100000111110011111111000000111011001
001001000011111000111111000000111111000001111111010
11001111111111100000000000111111111111101010111
0000111111001100111111000111111111111100000011101111
11111101000011000001111100000000000001100111111111
001010101010100000000011110011100001111100011100010
000100101000011111111001111111111111110011100011000
010100111111000000011111000001101011011111110111011
1100100011111111111100001101000001111001111010001
0001111110011111100011111111000000000010001111001
111000000000000000001011111111111110001000000101
010010000000000000001100000111111100000001111100011
11111010000001110001110011111111000111111001110100001
0000000011000000011111111110011000001111111001111
00101111110000111000000000000000000111111011010
111001000011000111111111000011100000000000000111000
001111111000001100011001100000000000000000000110001
01000000000001111111000000000011111111100000001100
01111000000000000000111111000111110101000000011
1011001011111111000001111111110000000000000101000011
01101011111110000001111111111001111111001111111001010
000010100011110000000011110000000000000011000111010
0011011111011100011111100011111111001110000000100
11100011111100000000000000000000000000001111111100
110111110000001111110011000000011111000111010100
1111101000000111111100000000111000111111111010001
1011101111111111111110000000011111111000000000000
010101110011111000011111111111111100000001110101010
11111110000011000001111111111000111111111110001
101010111111100000000101011111100000000011111111100
11100111100000000000000000111111111110000111001000
101101111100000111100001100001100011010101111011001
1000000000001100000000011111000000000000011101100
0110110000111111111111110000000111000011111110110101
011110000011111000000000011111111111110101111101110
0111101111111110000001110000111111111100001000001110
100011111100000000011111000000011111111100111000011
00001000111111000000000001111111111111111111100
00110111111000001110011111111111111111111111110101010
101010000111111111100000011110000000000111110000
111100101111010000011100111001111111111111111110011
01101000111011110001110000111111110000000011100011001
11101000111000011100000111111111111110000000001011
0110010000001111110000111111100001111111110001011011
110110001111111111100011100011001111111110000000110011
11110000000000000000000011111000110001110000011
000010001111110000000000000011111100000001110110
001000000011111111000110001100000111110001010101
00101111111111000000111111111111100000000111100000001
0100000000000000011111111111110000000000111110100101
01000111100000000111111111101111100000001111111100
0101000000010111111111101101000000000000001011111
01010111111100000000110000000000000101000001110
1001011111111001111000000000011111111111111011011
0111100011000011100000110000011000000110001011011
1111011111100011111111111100001111111100000000011
0101000011111000001111110000111000000000110000111111
0100101011111100000011000001111100011101000001011
1010011111000000111100111111100000000011111110000
00111110011111000111111100000111111110111111010
10100000000001111000111111011111000000111100011011
110101111110000111100011111111100000011111010101
00010000111111111111100000001111111111101111111011
11111010000011111111110000000000001111111110
0100010000000000011110001111000111111110001001001
10111110000000111111111111000000001111000101110
0011011111111111110011000000000111111111111100010010
1000000000000000001011111110000011111111111111111
011110111111111111000110000000000000000111101000101
11011101111100000001111111110001000000010000010111
1001100000000000000001111111100000011110000111001000
10100000001000011111111000111111000000000111111101011
1110011111000001111101000000111111000001111110010
1101000001110011111100111100000011111100000011111111
0110010100011000011110000001111100000000000010011
110001110000011111110000000001111111110111111111101111
011001110001100001100110011110001111110000101011010
100010000000111111011111111111111111110000000111110
1010111110101111111111111100000011111100111110010
011110000111111111111011111000111111111000001000
000100000000001111111111111111110000011111000110000
0000011111110000000000000111000000000001111110
00110000000111111111111111111000000111111000000001010
01101111100000000010000000000111100000111111110101
0001110111111110000001110100001111110110000
111011111000000000011111000000011000011111110110110
1010111100000000000000000000111000001110011111011
1111000000111110000001111110000000000010100000010011
011100101011111111111111111111111000111111101011001
1101011110100011111000000110001111111111100001000
0100100000000011111110000001110000111100110001010111
00000111111111001011111111000000000001100000110100
00000000000000111111111110011000000111111111001111
10011011111111111111100000111111100110000010001
11000101010001111111001111111100000011100000001100
00000100011000001111110000000000001111111111111100000
0010101010111111111100000000011100000000000011111
101110100000000011111100000001111111100010111111011
0100101111111000011100001111000011100000101010101000
001101111111110000001110000001111110011101011110
1100101011100111100000000001111110011111101010
01010111111000011111000000111000111110000111000001
001001111111111111111110000000111100000011110101
010000101111111111111111000000010100101011111011111
1010100001110001111100000000001111100000000000101100
000011010111111111111000000111111111111111111000111
0101001000000000001111111111111111111111111010111101
100001000001111111111111111100001110000110000000001
11110000001111001111110000001111111000000000010101
11101000000000000001111111110001111111111110111111
111011111100000000111000000000000000000111000001101
01010000110000111000111110000111000000000000111101
1001101000000000000000000011111111111001100010111011
110110111111001111111000000000000000001100010100
111001111110000000000111111110000000000000111110010
0001101111111100000111111111111111111110000010010
11010111111001111000000000110000001110011100000010111
0101101000000110000000000001110001111111000100110
10000000110011111000000011000000111110001111011
010010111100000111000110000000000111000000000001101
101110111111000000000000000110000000000011100101
101111000011100001110000000000000000001111100010001
1000011100000111100001111111100111111001111010011
011110000011100001111111111111111110001000010110010
1001001000111111111111111100011111111111110101001101
11011000110011111111100000000111111111100011111001
01000111110111111111111111100111000011000000000101
010001011110001111000111100000000000000110000000010011
0011100011001111110000000111111111100111100000
01110000000011111111111110011100000011000111100111
00010001110000011111111100111110000111111010110
0101101111111111111001110000111111111111110000000010
101000001111111111111000000011001111110011111010111001
100101010111001111111111111111111000011100000111101
10010111110101111100000011111111111111111100010110
010010001100111110011110000000000000010111000111000
0010101010001111110000000000111111110100000101010
1010011111111111000011111101111000000111000110110
11110000111111000010000001111111111000001010
00011111111111111110001111000011111100111101110
001010001111110000111111111111111111100001111000111
11000011110000000011111100100000000000000000100100
011011000010000000111111111100111111111111111100000111
010111111111111111111001111111000110000111110110
11001010101011111111100000111111000001111101001
11110101010100000011000000011100011000001111101
0001000000010000011111110000000011111111100111011001
1101101011100000111111100001111111111000111111011010
111001000111100000000000011111000111111111011101
10110100000000111100011000000000000000000001010101
01100111100111111000000111111111111111111100010011
00111101011100011110000000111111111111111110000111001
1101010111111111111001100000011000000001010000
1011011111010001110001100000000111111001111111101
00011010100000000011111111100011100000000111110110
10000101011100011111000011111100000011101111000110
00010100000000000111000111100011000000001111001110
1110010111001111111111000001111000011111111100011001
000111011110111111001111111100011100000101111000110
10000010111000000000000000000011100000000011110010
0110111111000001110011111111111111000000011110111010
11100000101011111000110001100000000000001111101
111001111111111111111111111111111100010000001100
1111000000000001111111000000001111111110000001110
10001100011111100000000111111000001100010111110100
00100111110101111100011111111111000000000010101100
010111100111111010001111110000111100110000001100
1001101111111000000001111111111111100000011000
0101111001111111111110111111100000000001110101100
010000000001111110000011110000000000000000001011101
010000111111100001100001111111110000000111100000000
01101111010001111000000111100110000110001011010
1111001111111111000000111110000011110001111101001
111001111111111000011110000111000000011111111101111
111101111000000000000010000000000011111111110001
00010111110101111110111111101111111111001110100
01101000110000011000111111100000000000000000111011100
100001010111111111111000111111111111100000000011011
01011111111000000000111110000000011100001011011
111010000000000000000100000111111111100110000010000
00010100000000111111111111111111111111111000111101110
100111010111111111111100000000111111111110001001111
010111111011111111000000000111111111110001010100000
11011111111100011100110000000001100000000100
111110111110100011110000000111111111111110000100000
00001011110100000000011111111111111000011111110100000
1001111100000000111000011111111111111110011101111
0110100001111111111111000000000000000001111001011
010100000000000111111000000000010000000011100001111
10111011111111111111100000011111110011111010101000
100011111000000000001111111111000000001111011100
000100000001111100000000000011111111111111110000000011
111011010100011111111000000001100000001111101011010
011000001100011111111111100000000001100011101111
100101110011100000011100001111111111110011111110
010101000011111111111000000000001111000000000101001
1001110000000000000000000111111100001100000000001110
11100010001110000110000000000000011111000111110100
110110000000011111100000000000000000001111111100111
10001000111111111000000000111111111110000000110011
111111111111111111111101011000000001100000010101100
1101100000000000000000000000000011111111010000
01001111110101111100000000011100011111111110111011
010111111111000000011111111111111011111100011100101
1011010111111111111111100000001111111111110011101101
0001000011111111111000011111100000111111000000001
0111111111110000001110000000001111111100011111111
0110111111000111111000000000000000000110000110
01110100001011111111100001100011110011111101011
10100000110011100001110000000000000000111111010000
1010110101111111000000000000011110000000000101000000
01001100001111000000000100100000000000000000101101
111011000000000000000011100000111111111111100001011
11001111111111000000001100000001111111100000000111101111
001101011100011000000001111111001100000010100001011001
0011000001100000000011000011100000000000000010000
10100111111000110000000011111111000001100000110000
1110101111111111111101111100000010000000000100000
101110000011111111111110000000000001111110000100010
001100000001111000001100011111000000001010000111110
11000111111111000000111111111111111111111110101000
00000100001100000000000000000011100001111110101101
1100000110000011111111111111111111111100111111001
10100111111000111111111111100000000000001100011001
001110000000110001100000011000000000100000011100
100111111111111110000000110000011111111111000000111
100101000111000000000001111000000001100000111111110
0100010100000011111111111100000001111111111000110001
01010000000000000000111111111111110011110000010100
0111001011111110000001111111111111110000011101001110
011000011100110000001111110001111111101111011101
10100111110001111110000000000000000000000000100101
10101000001111001111000000000111111111111111001110
0001100001011100000011110001100000000011110000001010
001111111111111100110000000111111110000011110001
0011111100000110000000000000110001000000000011110001
01001101110011001111110001111110000000000011100011111
0100111111111000011100001100000111100000001011100
1101010000010111111111100001110001110000000011101011
0010010000001111111110000001111111000000011111111001
00010100000000000111111111111110000000011111000100110
00010000011000000001100000011100000000011110000
01111011111100000000011000000001110000000000111101000
00110011111111111100000000111111111111001100011101101
01101010000000000111001111000111100000001100000110
1000101111100000000000111111111000000000000000000
100010100000000000111000111000000111111110000110101
0110011110011111111111100000011111110101111011111
111100000111111100011111111100111111111110000010101
01000100000111111000111100000001111111111000000111000
110011011111100000001111000000001100000000001010110111
000110000000000001100111111111111001111110001100
010010100000001111111110011110001111100000000111011
001000111001111111111111111111111111100000000001110
11110111110000111111111111000001100001100000101011
10111111111001111000000001111110011111000111100101
000110111001100000001111111111111111111110011110101
0100001011111111111011111111001111000110000111001110
1000011110000000000011111100000000000000000101000
1000110000000000000011111110000111111100000001100
10010111110000001011100000001111111111100000110101
01000011110000011111111111000111111100000111001110
001000111100000000000011110011000111110000011101101
000100001110000001111011111111110000111101011000
11001111110011111100001111111000011000000001010
10011111111110010000111110000111111111111111110
11100111000000000000000000000110000000011001110100011
11110000010111111111111100001111001111101111
0110011111110101100000001111111100111111010101000001
00001111100011001111000000111111111110000011000001101
100110100000000001111111110011111111000000111100000
10100111111110000011111111001111111111111100111
0111101000011001111111111111001111100000000100111
10001111001100000000110000000001111111111111111101110
1110011100111110011100001111100000000011001100010111
0100100001111110000000111111111100000000111110101
101001000000111110001110000110000000000011110101
0001000000000000000110000011000001111111110101
1110111110000000011111111100000000111111010010
111110001111111111111001111111111111001111111101
0000000000000011111110000111111000111000000011111111
1100100011000011110001111111111111001110000101101
001110100001000001111001111000110000001110000000011
000010000011111111111111110000000000111110001100
0000000011110000001110001111111111111111000010111
0010000111001100000000011110000111111011110000101
111111100000111111111100111111100001111111010110
01010010101000000000000000111001110000001000001101
100000001110000000000011111111111100000011000010000
0000001111111111111111001111111100111100000010100011
101001110000000111111111000011111111111101111110011
0010111111100000000111111111111111101011110111
11000111000000000001111111111111111111000011111101110
1101101111000000000000000000000000001110000100010
0011101111111000000111111111000000000011000001110
101011000001111100000000011111111000000001110101011
0110011110001111111110000000000000011111110110000
01110000111000011111111111111111110000011100001000
0011000000000111111100000000000111111100011111001001
1011011111111110011111111111111001110000010101001011
0110011111110000111110101100001100000011111111001
110001111111000001111100000001111111111110101000001
1110000111110000000011111100001110001110100111
01101111111100000011111111100001111110000000001110
001010000001111111110000000011111000001110001001110
0101110001111110000011100111100011111111000000010101
100101000111100000000111000001100000000000000001111
00100111111111111111100000001111111111000101010110
010111111111111111100000001100011110000000010101
1011011100000011110010100000000001111011000
01001110011111111100000001100000001100111100010
1101111101111111111110000000000000000011111101110
0001011100111000000000000001100001111110011
01110111111111001110000000000001111111111101011110
1011000000000000000111111111111100111011110111
1001010111111111111100000000001111100000000011111101
101000001100011111111111100000000000001010100000
0111111111111111111100011111011110000110000110100
11101011100000001110000000111111100111100001101
000101111111111110000000000000110000000000011111101
10110011111001100000011111000000000011100111
01110000110011110000110001111000000000011111000001111
0110010000110000000011111111100011100001100011110
11100111101010111111100011111100111100000000010101
1010000000011000011110000000111111110001111001010
1010001000011111100001100000000000011110001111000001
111000001000001111111110001110000000101111111001
10110011100011110001100011111100000000111101000100
11010000111000000000111100001111111000000010000100110
0100100011000000000000111100000011111111100001110
0001010000010000011111100001110000000001111010110
0101010111111101000000111111111001100000111
010000101000000001110000000000000100111111101001010
111000111001111000011111111111111111000010101011011
0001101000000000001110000010000000001000100
10001010000011111100000011110001100000001111111100
1100011100111111111111110000000001111110000111101101
101010001111111000000111111111100000000000010111
00000100000000110000110000111111111000110001001001
11001111111111000000000000011100000001100000000111101011
11000000000111111110011000000000000000011111010100
10110000011000000000000011111111000001100011110
101100001110000011111111110111100001100111111111011
000010000111111110001100111111110000000000111111000010
10000111111001111100001111111100000011100010101100
000111110011111111111111111110000111111111000111111
0010111111000111111000111111111000000000111000010100
1000010111110111000000000000000000000111100000011111
011000001111111100000011111111001111111000000010100
0100010000011111100001111111110000111111111101000111
001010001111111111110011000001111111000000001010011
111010001111001111111000000011110000000000000010001
111101111000111110001111110000111100000000011110110
10001111101111111111111111110000000000001111111001001
011111000111110000111000000111110011111111000111010
10011111100000110000011111111111111110000000101111
1001000000000111111111000001111100000000000111
101100000000000011111100000111111111100000001011
1011001010000111111111100000111111110000000000000010
011101111100000111111000001111111111111111100001001100
01001110000000000111100111000001111111110101011
10000111100011100011111111100000000000001111100011
00111000000000110000010000000000001100000011111001
00010111111111100001110000111111100000001100011111
110001111110000000000111111000000000001100001000000
100101000011000000000011111000000000110000001000011
11111010000000000000000000000001111000001111111110
10000000011111110001111100000111000011000000001011110
11101011111111111111111111111110000111100000000011000
11011111111111111001111111000001111001111111111010
010100000010000001110000000000000000110011111101111
1001101111101000000011111111111110000000000100001
010101000111100001111111111100000011110001110110
0011000000101000001111100000000000000001010000
01011111111100011100000000000001111110000010101100
10101000000000011111111100000000000000011111110011
1000011100110000000000011111100000001111001111001110
110111111110000001110000000000000111100111111001111
0001111110001111111110011111111111111111000000111111
000001111111110011110000001100000111000000101010001
100000100011111110000001111100111111000101111001010
00001100011001111110000011111111100111111110000111000
00111111111111111111001111111100011111110101010101
10101000000110000111111111000000000000000001011
001000101111111000000000000111101111111000111001100
0010000000111111111111111110000000000011110000001101
10010011110000111111111111000111111111100010101010
100001011100000000000001111110000111110111111101
01010010111111111111011111100011111111001111010101011
0011011110111000000011111111111111111000010100100
0101100000000000000011111110000110000011100000011
0101011100111110000001111100000000000111111110101
100001000000001111110000000000011111111111100001001
01111000000001111111001111111111111100000001011010
1111100000111000000111111111111111100000000001001
10011111101000000000111100000000000000000011101101
111110000111111000000001111000000111111110000000010101
11110101010000000000000000000000000011000000001000
000111111100111111110111111111101111111111100001001
11001010111111111111111000000000000001110001111111101
11011111111110000001111100001111000000111101001
01011101111111111100000001111110000000001111011110
1001100011111111111111110001100000011111101000011001
001111000011111000000101111111111111100000001011001
1101000111111111100000000000000000001000011000
00100111111000011111100000000111001111110001111101110
11010000000011111110001100000000000111111111000001010
10100111111111000000011111111100000001010000110110
110111110001100001100000000000111000011100001110
01110100000000001111111111111100001110000001101
11110111100000000000000011111111111111111111111001
1010000111110011110011111111111111000000010100
111111100000000000111100000000000110000000010000
000011010001111100011000001100111000111100010111100
0110101000010001110011111100001110000110000101011
001110111111111111111111111111111100011110000100
100101000111111111100000000000111000000100000111
1101111111100000000000000000000011110000001111111
1000101000111100000000111111111111001110000001010
010101000111110011111000000111111111111110000100111
11111100000000000000000000000000000111000001000011011
11111100000000000000111001111100111111111111100010110
010110111111111111110000011100111100011111011100
110101111000000000000000111000111111001111110110001
1101110000000000000111111100000110000000110000010001
0101111111000011110001111111111111000000000011110101
000100111111111001111100011100110000011111111101001
0011010000000011000001111100111111111111111111111101
001011011111111111111111111111111111000001111011110
01111101111111100001111001111111111111100000011101100
1111011100011110000001111111111111100000010101100
1011111110000000000000101100001110011111110000101
01110111110000011111111111110000010101001010
1011000000010111110000000000000001110011111111010010
1000000000000000000001111100011000000011111010011
111010001100000000011111111110001111110000000101011
010011111110000011100111111111111100000000101111
10011111111011111101111111111111111010101101
011100101111000111111111000001000000001110011101100
01011011111000000000000000000000001111100111000011
10000101110000000111100000111100001111111010110
000100001100000000011111100000000011111100011011
110001111111000000011100000110001111000100001001
101011110000111111110001111111111000000111011100
110011100010000000000000000111100011000110001001
00111000111111111111111100011111111110001011011
1010110000111111111000111000111000000000001001101
10011100000000000000000111110000000000001111110111
001111011111110000111001111111100011110011000010101
1110111111111111110001111110111111111111111100000010
001001000000000111100000000000000000000011111110011
11111000000000011111110000011000000110000111000100
010001110000001111100110001111111110000011111110
00111111001111100001111001011111111000110111
1111010100000000001111110000010000000000000000011010
0011011100000000000111001111111110001100110000101111
111111000000000000111100000011111011010111111100100
11011111000111111000001100001111111111111000000111
1001101111110000011100111111111111111110001111110110
01100111101000000000001100000000000001111000111100
001101111111001100011100000111100000111000010111100
010111000011110011110000111110000111100111
10011110000011110000000001111001111100011101101
1100110000000000011100111110011111100000011111110110
10100000001011111110000010100000000000111111
110011000011111001111001100011000000001111111100010110
